841 1181 1717 825 530
21
45
4 2
1 3
4 4
6 1
19 4
11 4
9 0
1 3
7 4
20 0
14 0
19 1
4 1
20 2
12 4
11 1
3 1
2 3
5 4
7 3
10 3
13 3
13 0
19 0
8 2
5 3
10 3
8 3
12 0
2 4
15 4
14 4
0 2
8 4
15 3
10 1
19 0
8 3
1 2
20 2
3 2
9 1
1 1
2 0
15 3
7
16
57
0 3 3807 1 0 1
0 20 9451 0 1 0
0 2 8501 1 1 0
0 2 323 0 0 1
0 20 9324 0 1 0
0 17 8993 0 1 1
0 13 8118 1 1 0
0 20 6584 1 0 1
0 10 981 1 0 0
0 13 5623 0 0 1
0 11 1301 0 1 1
0 0 4161 0 0 1
0 18 4324 1 0 0
0 17 12 0 0 1
0 20 6069 0 1 1
0 2 3385 0 1 1
0 7 8471 0 0 1
0 7 6759 0 1 0
0 16 7509 0 1 0
0 11 2538 1 1 0
0 5 248 1 0 0
0 11 1841 1 1 0
0 6 8822 1 0 0
0 4 1671 0 1 0
1 16 1544 1 0 1
1 18 7404 1 0 0
1 17 5120 0 0 1
0 11 88 1 0 0
1 18 6792 1 0 1
0 15 7431 1 0 1
0 20 1039 1 1 0
0 7 8027 1 0 0
1 6 8665 0 1 1
0 5 8124 1 1 0
0 5 6811 0 1 1
0 5 2353 1 1 0
0 1 6419 0 0 1
0 11 4407 0 0 1
1 15 4363 0 1 0
1 12 4383 1 0 1
0 16 3359 1 0 1
0 6 114 0 1 1
0 3 7473 1 0 1
1 7 2285 0 0 1
0 7 3060 1 0 1
0 15 6001 0 0 1
1 7 445 0 1 0
0 5 4850 0 1 1
0 5 1949 1 0 0
0 5 6229 0 1 1
0 5 2195 1 0 0
1 7 6531 0 1 1
1 7 2182 1 0 0
0 12 2071 0 1 0
0 10 3890 1 1 0
0 3 10000 0 1 1
0 11 7757 1 1 0
167
1 92487915 82417311 6926898 63634973 80871445
0 14698714 60158486 96442612 90593362 79017311
1 6665213 50150477 64057616 13363835 54702791
0 30378477 76590856 58899697 68128660 87247828
2 79766170 49214500 61400842 90366930 82725267
2 73407417 98049261 38131589 88709307 82616541
2 61570333 94701198 70151684 39381281 71116617
2 25313061 79510061 92806297 81514973 36252804
0 45995677 70392230 17163833 30085386 76083122
1 16061698 20532772 96955610 28026527 81221790
2 5016606 47296825 89776310 85489690 16812967
2 19601482 80853595 87488263 91125055 61147898
0 8705682 73095042 40983975 21849383 63996487
0 20587616 77982146 89801692 86915320 6558168
1 56592334 7563354 89510191 56470246 30078176
2 13369864 170644 17690105 32380279 37896277
1 76030917 28293091 6019860 42758647 39238991
1 20705388 93767057 2726758 50393143 97733948
2 58050711 62212423 43967053 32879186 20269437
2 4387308 1922291 190976 69264240 25153546
0 61561063 80912657 42049964 73045652 16717403
2 67054090 60573863 74702526 27626775 89136742
0 10966110 40962422 21002488 23631710 29879767
2 37176611 56478908 59503035 96522029 43696917
0 2817559 82121259 34809365 53213265 37675795
2 83718164 94480230 92776410 92243318 29605053
2 66278102 21843592 91900285 66804817 68610464
1 65304378 4631208 26571845 63913220 39194431
1 27897690 89888802 24441122 10601091 26566070
0 92950343 97038759 97306346 28689939 24305257
0 8985442 71658353 74848050 95977507 85267413
1 20509343 62383892 66121916 34320948 73801446
0 91772789 25336877 6842764 81771442 51716731
0 60441251 90263012 59432079 6097060 45404075
0 58114729 90224178 44102071 80087395 98654320
2 78269976 7526287 40117247 50286191 8606385
2 47239314 14374529 58444545 50298075 69982282
2 74639035 42105634 10443090 29083645 43217959
0 99082086 22307034 5957138 2609236 72519576
1 7809965 72523590 66786051 42678629 12589009
2 22733093 65423429 55095988 38519977 55919163
1 58102994 32160801 25425430 98668700 88928371
1 89101412 42723899 5781589 8485033 94573809
0 84520167 11114294 42729921 46912974 12366118
2 66253650 53509480 31891068 16542001 5326220
1 99093770 86204034 99412722 9067336 35870952
0 96872617 57628704 28358511 96793577 18060212
2 36512914 52589028 29018150 61538271 50530662
0 68791531 43196159 85876063 69877369 39548743
2 98764459 51109230 27349098 96298633 17573623
0 3377660 60007085 76825735 60030775 7416053
0 49228920 52307097 3177608 25970408 68926044
2 71813194 13022248 47940390 87815474 58259865
0 25074621 44942472 1929414 59629310 60005888
0 83515254 66393681 69178642 17393992 20696670
1 64550830 7001593 26249565 85509673 57545705
0 3971873 48678619 58750014 22755959 90196102
2 218142 39486389 58999114 15201656 30087477
2 37342527 93170807 78056281 64311395 18865969
2 81890506 35507042 84339071 70813999 33018861
1 70303404 45682352 61046169 34878030 27267453
1 39633342 83288924 66658561 34496681 67868694
2 82548448 74572920 38687318 82244072 49154550
0 58617074 9464277 68652118 83382086 70136738
1 35119963 66895908 14196193 79379391 42420980
0 82254561 811658 62377272 12181802 86069858
1 41173811 19958667 71575269 66021936 12238068
0 2952213 4824707 52104206 76466048 73324564
1 91497439 80203213 27458900 17091703 76227902
0 55088148 96997826 73517883 75077429 66208622
0 46981992 36761862 79359461 12767615 3572302
2 9364020 86102331 81285095 46418768 17433541
0 71474333 3193839 71750197 60698772 82673528
1 34013462 96722467 58365145 12585910 46035988
2 50525794 54095625 90363147 97251225 43186923
0 11294314 79856565 88934139 11503431 23829874
1 35140329 35221625 36831690 37991696 2075881
2 85060299 43446407 28940115 61055743 10997906
2 98716936 96928505 32734829 20133069 61121147
0 24168524 44944638 91607959 52513225 52891423
0 38370114 2912557 30805634 5881402 20691332
2 45057929 87671098 50737915 38771902 47686300
2 16323250 39299870 3238596 1822463 44577374
1 94163389 34273686 46489654 91428808 53320177
0 42360621 88546050 66753140 22056544 18231104
2 82421803 4893199 78023514 49657946 85557731
2 76084835 5300588 19745215 66953314 72788249
2 71928355 75447928 31566896 13665878 43087886
1 39050221 61934219 76583144 17089758 31996236
2 76738490 82742301 36271392 63002201 12779413
2 77770298 61527937 87382894 37786172 96069841
1 87972215 65706967 29388960 77220108 57381945
2 15848096 65953969 81953054 74536405 9057549
0 10916665 23361511 44718617 68473639 12688580
0 94092555 70003110 11987851 24868425 28322642
0 89568946 60168451 76219901 13022567 58519123
2 27979973 54329165 29095291 6318739 50926682
2 95595954 30794574 60392846 57579020 55655628
2 72688342 44538184 15529327 20757190 61025471
2 95419781 93579485 4035008 64342460 7433410
0 4700477 5227500 67255010 90161711 63942123
1 38305932 83704420 95254232 94010936 90705727
1 46922940 38476666 94417746 66191933 75959690
1 37541999 15530265 25085877 77707345 20715433
0 12573015 99989789 12400305 16164263 4510127
1 62047631 35983941 92769215 28304676 28989302
1 74253373 8000424 74900941 15365134 87408981
2 86837952 28438524 50823220 19937570 73319315
2 63294051 26687206 76544794 55118052 20521129
0 16604892 22552423 57295809 98573844 4190853
1 49685559 15812012 42283972 70187424 10493904
1 35435385 75162307 80990576 11564550 3663462
1 19941827 75597581 80502449 32045916 51046292
1 79915697 92577894 40327150 55913399 24874310
2 13638732 43615416 20600280 62824203 66978300
0 3913975 11329753 80979749 16189820 35302396
1 65743435 67403406 9723763 68428126 72590648
1 82422078 38641715 64515114 8519563 48694276
1 95768335 38921043 53591759 46310117 83362044
0 54592340 36011427 84986124 82120075 61844874
0 87291790 2291746 500906 28383622 36237339
0 74797203 67871823 85978051 64609944 69991541
2 96718727 77652293 40831803 2792806 53143919
0 58483782 4245124 10008143 51937453 37208707
0 4815696 42780701 10536288 91310232 65031961
2 96629898 17317507 87320233 63785888 3765867
1 83110885 39086757 72943699 42096584 60373816
2 12927740 86240808 5700956 91200754 56828347
2 51231832 77309379 24566942 63214794 32106976
1 44165326 36001800 17559825 13907096 90310876
0 18505877 45378168 52494422 17419443 72730947
1 70132350 30648112 39546071 65277983 8396592
1 22996546 44305079 30515225 95576359 55610291
2 55066240 84986208 52672389 45273075 2764091
2 32879578 74283446 31061541 19384219 47346291
0 5887970 56510067 11790312 72188797 48776363
1 13711483 77936796 32858458 18084291 77606853
0 4567792 26362102 45688219 39014660 22958965
0 83726362 44416521 58506208 24488648 71598819
1 47320704 41043306 25979313 56498973 54988415
1 75967282 43016138 43251632 69173714 86050995
2 69078526 72749658 64556296 99952769 77654076
0 38223460 83404639 14558597 95557858 64895682
0 10728501 16927131 1110781 67942258 50927502
1 71441445 67633700 46607782 14663863 9515103
1 98022672 97153535 17891215 84684801 81310439
0 65009974 51924081 19624475 50094568 38950178
1 63798742 94047083 12143597 24565338 53857344
0 16234974 91393263 83523830 53229040 44330445
0 16238865 97180689 12675706 77671349 38723540
2 5305969 78843199 30139560 780457 10317848
2 25100147 76456495 58382861 71335348 75575755
0 92532756 13061241 58339142 81748110 71490155
0 59182205 63950839 80797543 96110960 9112908
0 7013066 22898203 59032717 57121905 2585914
2 27409203 61152235 87192532 48422744 12979729
2 11279504 11937585 21023636 56264078 67776878
2 83714940 9641464 81392560 67718204 89756882
0 40290816 5217608 59781028 85505399 94157609
2 54393111 88813444 65500514 74740084 85574289
0 33303503 5815908 63730588 27037345 62306302
2 58915449 51761313 18069741 84919549 12354847
1 45309396 3276776 94135963 45778715 81898457
0 21673605 70551744 67659400 52835441 46339271
2 52782260 78986242 29251325 51228779 77339637
2 47710012 1747070 4197056 9301119 61204584
0 7787482 62070806 13619758 55627897 25406909
298
0 129 130
0 162 129
1 98 129
1 96 130
1 136 96
0 122 162
0 152 136
0 86 96
0 102 122
0 154 136
0 124 122
1 32 154
1 40 98
0 71 129
1 150 136
0 91 124
0 108 152
0 94 108
0 17 122
0 113 162
1 47 94
1 64 96
0 66 98
0 65 86
0 7 47
0 131 154
0 76 113
1 138 91
1 99 154
0 77 124
0 81 99
0 54 64
1 155 17
0 56 17
0 39 155
0 25 17
1 3 155
1 151 39
0 101 47
0 61 99
1 68 81
0 159 65
0 112 25
0 24 131
0 160 131
1 97 24
0 19 81
0 104 77
0 59 112
0 75 19
1 33 39
0 21 68
0 145 151
0 78 33
0 15 151
0 120 59
1 140 151
1 36 104
1 44 101
0 83 145
1 38 83
0 46 140
0 103 104
0 84 36
1 95 78
1 57 46
0 22 145
1 37 44
0 23 120
0 70 84
0 149 145
0 163 44
0 148 95
0 121 103
1 110 103
1 161 70
0 164 46
0 100 149
0 42 46
1 30 57
0 52 84
0 72 149
0 53 110
0 67 53
0 29 23
1 132 70
0 139 52
0 144 132
0 146 132
0 45 139
0 26 29
0 93 139
0 147 144
0 153 72
0 80 153
0 116 53
0 114 93
1 49 52
0 4 114
1 88 72
0 16 132
0 90 49
0 127 147
0 20 127
0 143 132
1 85 93
0 55 114
1 41 153
1 123 55
0 157 49
0 10 85
0 13 147
0 105 116
1 63 143
0 58 63
0 0 88
0 60 157
0 109 60
1 34 105
0 50 157
0 141 55
0 115 90
1 156 109
1 134 41
0 28 141
0 9 55
1 118 109
0 48 10
0 1 115
0 12 141
0 6 115
0 142 34
0 119 1
0 165 0
0 128 58
0 27 128
0 166 12
0 5 156
0 43 119
0 137 142
0 73 12
1 106 156
0 8 128
1 74 106
0 125 142
1 69 27
0 111 73
0 79 8
1 89 166
0 51 89
0 87 43
0 82 119
0 135 166
1 18 87
0 158 166
0 117 89
0 92 111
1 35 5
0 14 73
0 107 79
0 11 158
0 126 158
0 31 135
1 2 35
0 62 2
0 133 35
0 107 146
1 110 113
0 42 112
0 111 165
1 92 71
0 49 113
0 139 70
0 14 92
1 25 76
0 153 164
0 135 146
1 1 85
0 20 138
0 58 16
0 60 66
0 142 56
0 11 119
0 2 97
1 43 156
1 115 46
0 85 159
0 34 33
0 40 162
0 20 94
0 68 61
0 166 3
1 157 143
0 12 42
0 117 25
0 93 96
0 114 129
0 126 142
1 156 20
0 166 77
0 146 162
0 70 39
0 22 99
1 146 44
0 82 130
0 60 140
0 88 147
0 70 47
0 58 77
0 127 114
1 80 146
1 45 65
0 1 108
0 111 28
0 126 65
0 99 7
0 35 33
0 2 135
0 110 65
0 158 138
0 158 165
0 48 23
0 94 136
0 139 59
0 51 49
0 14 68
0 90 146
0 141 53
0 111 97
0 23 61
1 12 60
1 81 136
0 27 83
0 159 17
0 93 152
0 125 99
0 51 20
1 159 138
0 79 108
0 123 162
0 106 94
0 43 136
0 119 129
0 58 53
1 127 95
0 35 112
0 13 57
0 117 6
0 92 79
0 116 91
1 131 71
0 117 147
0 5 146
0 46 7
0 11 46
0 160 98
1 70 33
1 161 77
1 79 49
0 2 51
1 73 134
0 8 153
0 74 20
1 47 124
0 80 67
0 73 137
1 82 44
0 14 16
0 126 14
0 103 17
1 14 55
0 146 113
0 61 152
0 33 136
0 15 78
0 20 3
0 75 151
0 139 130
0 164 108
0 125 24
0 141 33
0 151 122
0 60 45
0 38 7
0 90 149
0 31 148
0 166 53
0 118 146
0 164 86
0 2 103
0 93 38
0 105 19
0 23 131
0 164 97
0 117 20
0 68 17
0 6 109
0 0 149
7
250000 4 26 19 1 0
350000 8 73 62 47 29 10 5 1 0
380000 13 111 92 87 85 69 63 57 47 29 10 5 1 0
440000 3 14 4 3
90000 11 91 86 80 63 57 47 29 10 5 1 0
170000 12 115 99 81 70 52 37 34 32 18 5 1 0
470000 14 127 110 105 91 86 80 63 57 47 29 10 5 1 0
