391 212 1302 1029 946
30
75
10 1
3 3
29 1
26 4
4 1
25 3
0 1
16 2
7 0
5 4
26 3
0 0
1 4
28 4
11 3
16 1
15 3
14 1
22 4
14 4
21 0
28 4
3 3
22 0
12 2
22 4
4 0
26 0
11 1
26 1
3 3
8 1
16 0
25 2
15 2
28 3
3 3
3 3
8 0
0 3
22 1
8 1
11 3
26 3
23 3
24 0
1 1
21 2
1 1
14 4
16 2
13 2
13 2
4 3
23 4
2 4
24 0
28 1
1 4
24 1
28 1
10 2
29 2
5 4
14 4
5 3
3 3
22 1
27 4
15 2
26 1
24 4
23 0
18 1
7 3
6
26
79
0 2 8582 1 1 0
0 13 6387 1 0 0
0 27 9252 1 0 0
0 17 7072 0 0 1
0 20 8618 0 0 1
0 20 866 1 0 0
0 16 7571 0 1 1
0 11 50 0 1 1
0 4 6001 0 1 0
0 24 1929 1 1 0
0 14 5448 0 0 1
0 11 4058 0 1 0
0 1 3922 1 1 0
0 15 618 1 0 1
0 28 4804 1 1 0
0 5 8545 1 0 1
0 27 8647 0 1 0
0 7 2299 1 0 0
0 8 5328 1 0 1
0 2 8974 0 1 1
0 11 5218 1 0 1
0 21 7289 1 0 1
0 15 3879 1 1 0
0 6 4085 0 0 1
0 8 65 0 1 0
0 29 7908 1 0 1
0 14 8066 0 1 0
0 12 8442 1 0 1
0 22 6994 1 1 0
0 24 7197 0 0 1
1 4 1029 1 1 0
0 4 1181 1 0 0
0 2 477 1 1 0
0 5 7590 1 1 0
0 15 698 1 0 0
0 2 4707 0 1 1
0 21 2011 0 1 0
1 19 2542 1 0 1
0 4 2144 1 0 1
0 18 1172 0 0 1
1 20 1838 0 1 0
1 12 6577 0 1 1
0 16 9516 1 1 0
0 18 5394 1 1 0
1 14 4070 0 1 1
1 19 4951 0 0 1
0 4 8322 0 0 1
0 13 2632 1 1 0
0 9 3151 0 0 1
0 10 5215 1 0 0
1 11 2344 0 1 0
0 27 1738 0 0 1
0 9 2112 1 1 0
0 4 5307 1 0 0
0 0 9179 0 1 0
0 19 8650 0 1 1
1 19 9269 1 0 1
0 1 3801 0 1 1
1 1 7360 0 1 1
1 4 9312 0 1 1
1 13 6490 1 0 1
0 13 4878 1 0 1
1 2 9748 1 1 0
1 1 8544 0 1 1
0 10 3152 0 1 1
1 27 1951 0 0 1
0 24 3067 0 1 1
1 16 9625 0 0 1
0 29 5823 0 0 1
1 28 4534 1 1 0
1 17 3254 1 1 0
0 27 3084 1 1 0
1 28 1180 1 0 0
0 27 7629 1 0 0
0 16 8493 1 0 1
1 7 5968 0 0 1
0 8 4753 1 0 1
1 5 4158 1 1 0
0 20 1356 1 0 1
299
0 96121009 68025406 14710310 27627633 75578637
2 72179986 44483702 23476949 69743118 15375511
1 96352004 35434433 95213270 55469699 67556183
0 3426238 6678705 53408783 9472104 18375858
1 41190258 45018771 36372413 79149177 5041975
0 32488699 44985832 60791001 34708120 94880913
1 77861833 82513727 71542634 20825188 42639681
0 97183304 89609279 60203788 13395388 87819500
2 96630928 61978482 85141513 58961549 48004636
0 79628420 2295059 428361 69032497 23221075
0 26895917 37515196 52474368 65206903 8589532
2 22627429 56048193 44966925 94854536 41291754
2 13420336 42724323 15863788 82174367 82047494
1 55308441 7237621 37836448 10139859 60625329
1 80107238 86935886 81239691 10849692 68514469
1 89477816 8302067 99869018 22394388 65922999
2 99270791 77991175 51639822 240312 9626697
0 69129034 76817095 81649461 23886272 75411501
2 73062555 64436794 20451331 2532328 8990131
2 42595491 36559083 42126756 53537234 38183052
1 80993330 83528475 30887527 58437789 97663745
1 83054460 69013766 15442567 30085181 52053363
1 17199636 40499147 31727767 9236350 3782291
2 19706350 47358221 18317421 53444373 52412173
1 16733868 99092689 27703614 37674712 57294408
1 44552153 92980924 86448790 94695984 63232563
1 89035796 76819894 26772745 65739372 43959722
0 87102454 87094226 5027470 40170199 94742842
0 16566770 21213878 53314689 578168 94338000
0 62207467 87373457 55435343 63077113 56253934
0 8944764 83730865 69447572 56064911 81351768
2 90122416 1432148 39243033 80655602 41526977
1 56229421 25280554 76239555 91070672 17766843
2 68591528 99467349 40567142 48188344 74304667
0 35323280 61631736 60734372 49965190 60285258
1 1043950 83064281 51211332 19785320 49389422
1 8122359 32344121 16809085 9849 97253274
2 64609466 22554052 11858864 83123656 34607258
1 35159488 85971527 60913482 91736485 45249562
1 19541109 29375287 74675851 80526659 63958413
1 45799601 61466931 42892148 8631645 71289625
0 61134608 8960042 50480260 85541764 84070393
1 31064375 69881058 3276779 89190791 43569355
0 88594169 36048428 72475712 38361892 41319499
2 8774486 75335180 23171052 65953843 15953587
0 63932010 26913758 63969556 15959654 21006083
2 45091772 43683307 61690129 74185296 3629976
0 56063359 28482588 30076552 83107723 71060407
0 81269075 71813678 81671556 24853977 69205496
0 25059029 29998902 65959894 5641012 73175995
2 30124535 21002520 68347647 73330453 96761512
0 7353543 39723989 52030266 73718547 60838393
2 90827120 66546239 35446934 77045054 24338262
1 47383544 23875110 51594720 61376203 74014864
1 99527499 94607001 44895816 70216265 47054427
1 84957113 58066174 83860402 18415239 85831478
0 80356892 19011383 59057824 92453718 32854260
2 79806118 12416977 61598130 40321520 89581324
0 30177477 82024312 98856155 46004480 21373604
2 49520582 94116705 93539237 45219619 24293342
0 68695884 87558563 73415756 41593055 15940501
0 77776877 57857356 91404272 3242200 15171024
2 12001869 31230932 83790632 75851052 3780750
0 89262626 67605596 90276271 85631013 65367524
0 7286755 18790441 17481406 1938379 29447179
2 98656592 53768392 41344286 19516863 73828843
2 73307182 90285462 36336613 58447868 29485683
0 16475577 1438151 9253231 11813501 83800403
1 90957091 36171697 61260873 75296313 84758905
1 62217976 26150160 49606100 11769337 54081887
0 40885784 94762615 76684474 37339738 89378963
0 69269318 80360064 44426687 3611217 23193108
1 86552109 30477131 44888116 88805709 67746830
1 14687172 93646803 78122806 97689351 42016918
1 74657234 78431345 49222596 87271551 41291609
0 14981191 25302099 67793924 79871301 36569239
0 54829255 82604018 1352992 35109791 3424258
2 4920832 74756623 87277898 34489243 98782537
0 50516872 65130350 79558574 71891280 16777213
0 7432313 12194953 43627545 47972592 69927430
0 99726123 11907961 77103059 80585176 78215482
1 59752521 15742852 43488964 47229583 88197756
1 93271611 67350198 76771265 38750702 97038742
0 67961788 48419180 22364407 70667954 67547232
1 51501866 50031983 90101341 32362781 63493679
0 78683169 96061418 51365318 44720714 24050049
1 86106294 21582542 36714781 62565228 96325651
0 34095008 36326104 63005871 52836018 76489645
0 27557591 57178232 84801190 63924911 66402762
2 16802613 17105267 22888432 22378029 32083246
2 13220059 52946198 52538157 67711747 75205960
0 86643303 98575611 84462551 42169751 87824506
1 93656282 11748273 43715443 20420834 39237026
1 32151663 43145379 33031460 43800846 1125534
0 58617546 29118035 49149799 22643048 28554222
1 88409864 46144088 48987855 16218481 93169209
2 58343432 43573640 326080 51329278 49760580
2 91808363 19670630 96177994 48620959 12757444
0 74870391 6251461 93598116 61304838 5175047
2 75068490 14145075 65229139 74536803 39541473
0 8401866 97035677 90269676 92194111 62955462
1 70032476 13863825 78865832 26217854 21206027
2 19816269 31888623 57373698 43478908 1771283
0 79045428 59462940 19019926 30940947 74841305
1 83770843 59587858 99248314 9156629 97068322
1 38840073 53153801 57499051 40605716 15659914
2 55299965 7246772 84823144 95391673 82276556
2 65947819 54788609 8484420 72465826 52365079
0 9690507 16016090 34827918 77785207 49348519
0 420835 82736907 4060540 25470662 80576585
0 53989990 40035825 75171070 11194130 20559847
1 14013483 29763379 60969459 60705524 3383098
0 48323505 94404713 32091239 89275056 55115436
2 34960422 83326152 32908544 13649198 39231020
0 30845630 9529215 51557095 62684577 90059649
1 53402851 83898089 34498978 95505946 11738825
0 3168042 53316539 2681245 52535125 4633597
0 91011723 78363907 92824716 7612916 76649976
2 29551259 10149525 22678345 78894567 66087866
0 85065056 76591801 13441588 94014084 32694596
2 6013473 13917455 56832901 19054354 58207439
0 79843522 88571390 47045408 75816988 3464454
1 97987113 98158233 51506824 94940727 16381125
2 78733349 70169665 10442666 37718136 95539305
1 99027976 50102117 46692235 42153350 24383184
2 19094140 2380923 53648379 99298008 25998326
2 43763741 96573551 19394531 95976776 38368704
0 12311800 12587265 42273351 45493680 37941828
1 12012385 69449171 38761385 86662561 57440486
2 64411114 95312572 86151443 14549354 7097283
2 76278676 61513171 42963316 33002777 98269329
2 56987895 69570381 95259029 90333231 83552460
1 73042763 88534244 13657907 80353387 46946241
2 31412126 43964061 71887921 57188011 51482618
1 33138079 43598544 76060070 60033426 30604074
2 62700458 95237931 733392 80725535 62728261
0 74596890 84424287 88363879 36337090 90768680
2 32990856 9399037 70315607 44366321 55869223
0 41280040 53768730 56091855 72783269 99141425
1 79973857 88180331 78229483 26190176 54407125
1 61975618 54436874 26842095 77166793 47801557
1 25275763 59012065 79860666 89147472 98987279
1 40240169 22596953 75754287 13395855 28858830
1 477573 30400901 40803562 39310303 14816104
1 21966717 99261424 28079476 77579695 81040552
1 83378396 15270413 49421329 14843627 91658088
0 67614044 96698957 4485628 47586735 22364195
2 27304620 75918024 40216107 18422486 37117643
1 81870187 82723599 93654839 79906824 91855968
1 1511759 24866407 75194868 24758620 63305664
0 76725720 9526840 4727499 79677978 68599469
0 74763687 22226614 80727512 83997916 84296585
1 26153922 3714047 78038758 68217595 52256841
1 55149888 17051886 67692095 51713115 47458442
1 26957147 9184786 69422224 32433658 83861216
1 85227834 56007647 30811258 69017253 2664351
2 41436674 11388275 4022626 10912252 74102367
1 761312 51722880 39821524 74634621 90148336
1 80843670 66921151 89003529 95105272 84339500
1 84843894 77119122 74378110 58855070 62474299
2 31976378 40120343 40221068 65322935 63358190
0 17399448 55930587 17246904 92142848 26497100
1 32143660 59737238 17214166 5004652 56224605
1 89445061 93051731 71536416 10493165 98579458
1 45815273 7259802 93978367 25143279 48893366
2 29209367 58769546 46782262 44547674 83399660
1 96394957 64687881 92068707 72369089 55742160
1 17711789 26706299 42375924 32424298 21817492
1 19215010 64323892 27702229 38519365 49013284
0 66704710 58246937 32575993 7365441 7017227
2 41742276 83882650 41693926 10752453 52035875
0 58480767 83840988 11500490 25673242 90597510
1 30158542 35392761 47885583 94996328 55977373
2 83339194 85148640 93207636 39539711 44064422
0 98229946 15268039 19474549 43373409 57535543
1 33212301 48380836 29565926 34471003 1292788
1 65817712 73106128 46144351 44002397 31224489
1 73030295 40589893 67454225 23422733 16390727
2 33847521 66469530 27100938 85037228 5173159
2 9160905 26234936 37019817 86350490 22159793
1 9087124 57814734 79910940 66624618 16657056
0 80591287 73924424 88640327 65929981 88149012
1 76483075 19333692 71393635 21703449 32024705
0 11825099 80381479 72171664 19387659 57074189
1 53298959 43206907 1877498 71427810 47786957
2 85852305 47716191 38716479 90916169 74204973
2 26617178 71452295 89182037 4164096 55935294
2 39497766 26448632 42240500 81836141 57646040
1 8044221 78732194 33056800 38138413 51543768
1 30075839 82822649 78911350 89997166 45808038
2 82453733 42755497 45873338 71292208 92888463
0 8377056 45659543 49735148 22976404 41688146
0 29610908 83606823 77574154 19546965 43668684
1 63394642 18069383 65428571 91159570 49046854
0 28495821 75732735 65023725 96240683 31413710
1 69163671 66585074 36050771 75829377 61461945
0 20734689 34195005 88377541 44812285 12830555
0 72985405 81169662 22386717 65491130 17217280
0 77051902 33320357 68637315 45922692 34449498
1 2426399 32503900 74929525 2138025 84668903
2 55617023 73459956 39495982 4991730 33887971
1 41991580 99077020 55126148 46569765 35641066
2 28681661 30314986 15281974 42239930 67291875
0 79244883 6860081 16650111 9586470 89070488
0 80520714 76580317 37321589 6617256 26592792
0 58505943 83927657 84937847 66758219 49958259
0 76592736 55933294 55369474 4162010 43901815
0 15382421 88852256 38465577 93266287 21503099
2 48458782 94034643 53956010 59981322 71347829
2 6017821 97522245 53335975 47323293 7369257
0 3870009 7578344 3609969 13927135 88049137
2 5311615 99636438 27449317 76120951 67501302
0 83917499 68916403 15410727 52688268 42063201
0 63382849 97279762 33802600 60862461 79340400
0 71580527 22637810 78102825 83336677 63649013
0 34014609 1057885 79224186 58316196 76486444
2 34227652 24826706 59349775 62862952 50370988
2 12358019 57637862 33648655 26829379 49157718
0 96896911 92719928 98415797 3400941 24798096
1 28875282 41321229 49570468 29228281 89997639
2 2415156 62415586 10576963 36971610 85679668
2 62970372 30379547 52394003 19034998 25599933
2 36795567 42699636 96960065 1587224 33420843
0 85310391 24699382 98565281 65916136 9066949
2 1563914 9205353 12515960 92955769 77850464
2 66577237 36190970 92742630 19557051 10884143
0 70804807 9975886 59582559 91569420 82564688
0 52948340 98070221 29047056 88065820 86541067
2 58605902 47575394 48740998 9483557 45407737
1 66684663 22658445 22951895 76521715 17208097
2 29887375 62724781 13702639 75240253 76670671
2 72267084 68139969 37471799 56126656 77312818
1 55221348 28855866 97595783 72495857 85448020
0 40630022 67385513 62455456 16495371 62420826
2 49701806 42234121 55547292 61119061 82820348
2 87821659 3496954 27963012 83400121 44707911
2 99969106 80899962 3795454 27072362 99055163
0 19913230 18201989 63574639 29423070 76897721
2 29397351 86383619 68025687 22868275 77087315
2 11269936 96309096 45458471 5026239 82405388
2 56270104 81764927 18767054 38118731 97473523
2 97373090 80094637 97195699 66219966 84430931
0 71521200 83686735 2552836 94053200 42263729
1 49971932 11494874 28954591 36219200 51596906
2 19149660 37406226 66519274 14763840 93468406
1 78546364 4797041 47820535 93595613 78035765
1 72827348 81789311 72647573 89232996 33173171
0 90044753 51317083 677261 85637480 92593018
1 40628086 71891771 67971454 78243036 1934915
2 78597167 70980470 6461025 43430161 46823479
1 75459185 11248191 22933025 58943458 56353029
0 83015754 82135557 58594201 34871500 47565978
1 39912439 59369369 1381299 7495204 54066944
0 73442867 3339711 51810630 38288143 42628435
1 91039798 20925578 31285775 1341434 95570017
0 62652037 65640092 71000184 38812138 80519328
2 71152435 51078508 60682186 33923293 110135
2 29562841 49877186 85872486 2419176 73857622
1 75690201 39419493 23732748 19906839 32521372
1 96252512 11787164 69460093 30392886 25988452
2 83554658 45416975 8023341 31160267 30482469
1 16565343 42510894 93299989 64678321 27407020
1 28764371 20175564 52506497 27714729 39367412
1 13858836 23497453 16308755 29531583 58402213
2 84496470 92491125 96400050 54993613 7915583
1 32000837 76473331 33878598 38120862 84468216
1 33078438 64760862 55280715 95649237 97109075
1 17513318 58161027 65165824 11989181 81703434
0 5628934 65557305 55249719 39459876 53554337
2 19481304 55385723 22645312 39177410 21782037
2 73632051 14791353 31075748 12363173 51405562
0 34522229 73806774 8643987 66458694 40339220
0 47690727 60182897 76791791 79322636 78482947
1 2944719 50834313 67434804 20677675 90292214
1 80357143 52414551 26186233 15637447 47350948
1 94889337 37688956 5919547 71244130 86807018
2 39031449 72337860 47669706 91589040 72163756
2 39771160 38789267 2995572 78443930 61175943
2 16838482 82262139 26562889 85379482 29716690
2 65706278 83752373 67569773 18922586 33709270
0 78729202 31244124 34980283 7841598 84821715
2 50831296 81275175 4509996 56965463 20908107
0 34691213 962901 56234456 49733796 1283884
1 65517282 32810236 64518761 85773200 24944780
2 24722790 46439562 55583811 11088896 11033034
1 64677941 32828781 6777135 42854312 46355512
2 15833367 16490266 32913829 33152489 69167910
2 97429546 8771220 71919531 3178717 35552719
1 56156875 74403583 91856476 34755865 40124049
0 20505863 40528209 63046030 53475311 40244272
0 14201897 5049135 17043079 40114252 9235304
0 22556642 62947046 62719049 93350121 50554983
0 68744176 6031938 84193424 77077407 88865371
2 90202765 32000181 36958110 36556100 10868620
1 96855428 10712439 30147857 93718009 64378418
1 85346391 33475060 96308683 81482382 65349858
0 64901042 98689215 54505456 5816162 39570883
2 40989598 7354253 59323735 45966796 28483931
0 90249531 37637476 30796216 74922802 12812526
344
1 130 136
0 221 228
0 231 235
0 98 100
0 39 49
0 101 102
0 208 218
0 106 116
0 90 91
0 232 239
0 72 80
1 13 23
0 105 114
0 16 25
0 115 124
1 270 272
0 11 18
0 297 298
0 103 112
0 141 150
0 9 17
0 28 34
0 283 292
1 294 297
1 245 250
0 72 78
0 110 120
0 15 21
0 164 168
0 198 199
0 224 231
0 32 34
0 12 14
0 19 23
0 77 82
1 274 281
0 219 223
0 241 246
1 115 122
0 237 245
0 257 261
0 190 197
0 121 126
0 58 65
0 62 66
0 150 154
0 50 52
0 87 91
0 141 149
0 272 275
0 52 60
0 178 185
0 231 239
0 149 156
0 110 115
0 49 50
0 244 254
0 17 21
0 28 37
0 63 67
1 230 240
0 33 40
1 292 294
0 208 212
0 173 182
0 29 33
0 61 71
1 160 161
1 81 86
0 234 239
0 94 97
0 233 237
1 197 203
0 97 101
0 265 268
0 110 112
0 247 253
0 102 111
0 122 126
0 255 263
0 246 255
0 162 169
0 192 201
0 81 88
0 100 102
0 74 78
0 165 171
0 197 205
0 278 287
0 86 91
0 261 262
0 63 70
0 181 188
0 90 97
0 55 65
0 73 82
0 282 283
0 131 135
1 119 128
1 156 157
0 45 47
0 40 45
0 161 167
0 83 85
0 50 57
0 226 232
0 17 27
0 176 184
0 102 105
0 217 220
0 251 261
1 156 161
0 259 265
0 101 104
0 173 174
0 21 31
1 167 170
0 27 29
0 275 285
1 157 163
0 100 105
0 23 31
0 94 96
0 102 108
0 1 11
1 266 272
0 10 12
0 117 120
0 66 67
0 38 42
0 174 180
1 224 234
0 49 57
0 273 280
0 128 136
0 245 249
0 40 49
0 188 193
0 197 206
0 219 220
0 66 68
1 2 5
0 196 199
0 117 126
1 106 111
1 168 174
0 126 133
0 290 297
0 283 288
0 14 16
0 221 227
0 203 210
0 185 193
0 51 57
0 289 294
0 148 149
0 74 81
0 90 92
0 224 225
0 217 224
0 140 150
0 8 12
0 124 132
0 289 297
1 188 198
0 271 278
0 256 263
1 172 174
0 225 230
0 258 264
0 207 210
0 166 171
1 86 88
1 293 297
0 19 24
0 58 67
1 241 247
0 114 116
0 32 40
1 236 245
0 163 166
1 114 123
1 82 83
1 134 139
0 38 45
0 31 39
1 171 177
0 37 40
0 186 190
0 55 60
0 175 180
0 171 180
0 92 95
0 275 281
0 267 273
0 170 171
0 250 254
0 84 89
0 220 221
1 134 141
0 165 168
0 274 279
0 192 194
0 218 223
1 177 186
0 117 118
1 236 237
0 288 292
1 280 287
0 3 11
0 80 87
0 192 202
1 173 178
0 68 76
0 72 76
0 252 258
0 159 165
0 194 198
0 140 143
0 283 291
1 107 115
0 228 236
0 273 281
0 246 249
0 247 249
1 290 298
0 135 145
1 33 34
0 94 95
1 105 115
0 295 296
0 109 112
0 155 164
0 20 28
1 173 175
0 196 197
0 161 166
0 143 152
0 23 27
0 80 85
0 8 17
0 187 197
0 244 250
0 259 261
0 233 242
0 189 199
1 67 75
0 120 127
0 283 290
0 276 282
0 188 189
0 48 54
1 49 54
0 92 93
0 113 118
0 281 282
0 153 155
0 4 6
0 204 211
1 1 7
0 30 33
0 198 208
0 113 115
1 33 41
0 199 200
0 102 103
0 4 9
0 255 258
0 108 112
1 76 80
1 6 7
0 37 41
0 283 289
0 261 270
0 5 10
0 68 69
0 153 154
1 66 72
0 145 146
0 11 16
0 23 32
0 216 224
0 193 195
0 46 54
1 83 93
0 159 166
0 107 117
0 87 88
0 240 246
0 105 111
0 130 137
0 222 227
0 180 181
0 166 174
0 263 273
0 96 104
0 213 216
0 105 109
1 150 153
0 47 53
1 150 151
0 121 128
0 215 217
0 34 35
0 280 286
0 44 48
0 254 260
0 243 252
0 124 129
0 126 134
0 62 64
0 191 194
0 169 173
0 127 135
0 158 163
1 140 142
0 284 292
0 22 24
0 144 145
0 98 99
0 73 79
0 228 238
0 179 182
0 207 214
0 66 71
0 84 88
0 277 282
1 59 64
1 171 176
0 196 204
0 0 9
1 296 297
0 26 29
0 119 125
0 140 147
0 207 209
0 229 231
1 39 43
0 269 272
1 248 258
0 137 138
0 36 42
0 183 189
0 56 57
10
270000 8 20 106 117 65 61 101 100 299
200000 4 161 32 149 13
300000 4 11 280 31 303
260000 5 11 280 178 136 132
40000 4 161 32 149 13
130000 4 11 280 31 303
70000 4 11 280 31 303
180000 7 330 20 57 115 185 4 252
360000 6 141 274 126 32 149 13
230000 1 13
