500000
1277 882 1499 1074 36
20
34
19 3
9 1
11 2
14 3
18 4
19 0
7 4
8 1
7 1
12 3
17 0
17 1
6 1
13 4
16 4
17 1
18 4
0 3
0 1
2 0
19 3
3 3
4 1
7 0
2 4
7 1
18 1
13 0
14 4
10 0
2 0
11 1
2 3
17 3
2
11
76
0 17 5864 1 0 0
0 18 8970 1 0 0
0 12 1277 0 1 0
0 3 4299 0 1 0
0 17 3345 1 0 0
0 19 7839 0 1 1
0 9 145 0 1 0
0 18 4752 1 1 0
0 3 8601 0 1 1
0 13 5880 1 0 1
0 18 7246 0 1 0
0 3 7647 0 0 1
0 9 6951 0 1 0
0 14 3201 1 0 0
1 1 4037 1 0 1
0 2 9760 0 0 1
1 6 6997 1 0 0
0 16 9824 1 0 1
0 9 8047 1 0 0
1 3 8504 1 0 1
0 18 511 0 1 1
1 6 9722 1 1 0
0 8 1668 0 1 0
0 0 8608 0 0 1
0 7 6076 1 0 0
0 0 5162 0 1 1
1 11 5175 1 1 0
0 7 1725 0 1 1
1 11 3755 1 1 0
0 1 1203 1 0 1
0 9 5716 0 0 1
0 6 8140 0 1 0
1 8 7726 1 1 0
1 12 1182 1 1 0
0 0 438 0 0 1
0 7 8280 1 1 0
0 2 6865 0 1 1
1 7 653 1 1 0
0 4 4421 1 1 0
0 15 2619 0 0 1
0 17 2787 0 1 1
0 0 159 0 1 0
1 6 261 1 1 0
0 4 6871 1 0 0
0 3 7732 1 0 1
1 5 5475 1 1 0
0 7 3118 1 1 0
0 13 6348 1 0 1
0 4 7445 0 1 0
1 18 342 0 0 1
0 14 5918 1 0 1
0 3 4448 1 1 0
0 14 9102 1 0 0
0 18 6819 0 0 1
0 5 6010 1 0 0
1 7 6751 1 1 0
0 13 6963 0 1 0
0 17 9915 1 0 0
1 7 7879 1 0 1
0 10 9321 0 0 1
0 6 4450 0 1 0
1 9 212 0 0 1
0 16 1843 0 0 1
1 2 2413 0 1 0
1 19 3066 1 0 0
0 8 5919 1 1 0
0 3 2898 1 0 1
1 19 7676 0 0 1
0 2 6592 0 0 1
0 8 7353 1 0 1
1 3 7909 0 1 0
0 12 4402 0 1 1
0 5 838 0 1 1
0 6 2079 0 1 1
0 16 9384 0 1 1
0 6 7670 1 0 1
222
0 85977090 22421909 69899838 5036502 39799593
2 60623485 6997602 99063454 64163915 58079592
1 35497198 93080288 12728857 37593597 39665902
0 50211382 45576552 62159396 45747692 21512844
1 51984609 93002625 16889392 88447147 16270412
1 93444817 82050823 61745858 57981831 92644161
1 42093560 69525168 15967611 56339579 16792557
1 77067323 33602863 23348949 60331551 54948379
2 15378260 75699262 34512762 64648953 29524617
2 2125960 64136927 6778884 95990346 24810253
0 55291988 89872558 96848427 2434428 29896288
0 81374651 42866922 23844400 3166484 36718145
2 995570 91507790 63096678 65544481 21412451
0 73599235 53880135 60324556 33303542 42819087
2 40186049 23888830 85289802 93594611 56721272
1 39633315 72867945 91199143 82404536 34309575
1 70458242 25096253 48726507 47057660 89968795
0 40572598 8991680 31890063 78197750 54339430
2 38852053 37071502 42414453 48026830 49893553
2 60979385 43853957 17208132 95328045 32716596
1 91874015 4892883 74088174 49828237 42292618
0 40363404 17216927 99646248 97124577 84967467
2 6224880 60958368 76318469 75509913 29350692
1 58979768 32439789 76111609 45446309 93360981
2 59876541 13261323 25109326 8935805 9540730
0 64186996 86808659 36817786 59610185 22900915
0 29712858 11111801 86330392 39657026 38402543
1 70395706 4967525 8353046 37326406 61541291
0 6953339 49043111 5474434 35112518 71428552
1 60013959 50095455 81279926 83207296 90572134
2 63321179 29623433 28147376 18347658 54966104
1 82497132 77911135 60526239 76410368 39413693
0 41731397 2947249 53819370 66263377 67180829
1 57095375 99355348 48291824 78320372 79010472
0 43333893 82199216 41416450 42447394 62903424
1 45744414 97808752 58980116 68256805 97250745
1 20415647 79070715 95711373 12225604 92352040
0 3998872 32948089 6733773 7994977 2826368
0 99186854 44368042 6899013 75001662 25855670
2 3737882 12292704 28429217 32308344 27710629
2 47530511 85188967 23266906 57893349 14353129
0 10611705 87679049 58354070 30021781 24228822
0 62175003 80997782 16339625 23997221 25770824
0 50957481 55140994 1455075 58494263 72873899
2 26530735 56271022 16431179 80666200 68843552
2 27334182 47852855 15727798 42070786 34281433
0 49528269 98706579 44626850 93110381 3001613
1 16131001 99505231 8990256 13563052 19805976
0 76717854 55312900 48074692 32946615 62138197
0 36194574 55188000 69097091 65682999 12531451
2 10581759 34687641 57931381 17768287 65897287
1 94136604 24283760 2980851 22277715 80587271
0 44898800 80564906 76216233 44611183 56759550
2 34809728 20766727 83876542 62702204 1581062
0 74226491 25845516 82975122 96447481 33792170
2 72126589 89749296 2557481 4959638 23092925
2 95658283 29681148 39343519 49229874 96836003
0 36118037 57705390 74882893 16122604 19085375
2 17010795 48496802 70319660 49512017 92681730
2 54571702 59525253 9251324 3701220 57681960
1 96047116 25520116 22964590 31927755 74741793
0 70947809 81983281 22318006 86158778 83657655
2 47727716 72024207 82110331 75146772 58739843
1 61540887 2234766 71220659 27624519 22883885
0 40146221 63770415 97820325 15005550 17489518
2 40821690 52092796 36999230 18471814 61654288
0 33612054 98100739 50764175 42050101 65575725
2 78630241 86147547 86714359 73936390 13660453
2 12835202 76888303 92459094 7532287 71519861
0 2295982 88980745 90496171 52345228 24569390
2 39378031 46892878 75251906 10610132 66243324
0 26475469 30477305 11077113 50108040 59304894
0 11623460 33711721 80253604 22631880 75959213
1 31206124 61452040 31358151 69964943 88679424
1 29257462 28459167 83550270 57403623 5088017
1 33242254 14511768 58646710 55026554 13460222
0 55883552 20564733 74454784 804194 46726529
0 50543543 39602237 17868628 74614364 22956829
1 84568907 67101007 60527845 56694705 233013
2 3726299 84614036 48432151 56828875 59187204
1 81165460 56632606 15477566 93308404 10576889
0 98704360 48192653 43096690 28048490 14049673
2 34721028 66051855 37837964 94473534 48087194
1 8810923 45755325 51286072 12631393 39516587
1 23382258 27145744 22081480 51389049 26948490
0 66337949 43428166 36428446 82050443 17257555
1 74846545 73015570 50410481 37025551 36747400
0 48409648 22724122 96595101 13139486 88264652
0 77842024 1310227 45396210 73263554 97183896
2 97607582 64226376 12290384 40566404 18105241
0 58200617 40097671 56300728 57865438 72430907
2 48534245 43345325 99583636 4591024 64043019
0 63193173 72636378 99319899 70247712 40134418
2 2597574 62766797 99919649 59089796 3293020
1 24652873 25923977 20337757 65747647 16649529
0 63822412 86656239 61904848 23460660 61993355
2 6694474 19032002 15930289 36778077 65689457
2 28192571 83813322 15106093 72093209 78538255
0 47608639 79508201 71050938 73328311 12429969
1 27985810 99939893 99337664 35737532 32653048
0 56362138 34987920 52261296 44720064 88544838
0 1766741 5735351 23977378 87752413 76546011
0 9178017 65264897 8544043 45285201 66840842
0 72531843 11409790 70705948 88238380 52239729
2 62561242 13228079 96485728 47545099 71865521
1 53611838 92518760 26484865 48331884 26257509
1 48415795 20023096 75411365 73949540 37368079
0 34134292 20975640 39338643 82429253 89895426
1 55011061 39141649 81961020 45230473 88905699
2 16489154 82572772 13774016 2997878 73202994
2 15229776 94619696 27176437 51412806 54668228
1 13488532 90452787 37051799 65901995 22924576
2 4997166 64145964 67477832 86126500 37603272
2 17378100 84278034 95740269 40057622 81175873
1 71159482 74394785 71605849 39487739 77336048
0 59781790 10645889 45218692 77771115 87181008
0 10147069 82438844 22705628 82487874 38205773
1 34487816 7109305 496787 14295659 99390380
1 81306586 34354005 81274721 20655056 77853832
1 6046043 4405736 39628772 37965523 12498240
2 41574988 80877984 36924027 54554465 83106250
2 76871060 87167201 43603319 40961610 63474998
0 16124629 1561994 43565139 48845669 99842378
0 410978 6525823 87158123 65728321 40613829
1 95380091 74850222 18444094 84856654 90670709
1 14454617 77237079 39741931 3178734 94698995
1 57704164 84601627 56002350 54645711 78418983
2 10877110 1483076 56133260 7856673 67231045
2 23324015 86657904 26877916 63032621 83368532
1 88883256 38121770 64761874 98715792 47505267
2 57159244 91946382 74416527 91626549 22837340
0 77896783 48623184 14018323 95204224 62974778
0 74127936 45612458 65900368 55249843 82559797
2 45221091 78814847 38288797 8356765 32910806
2 54918686 65151434 68504723 3099671 18508926
2 26007839 17245749 54706450 36789674 80598410
2 83095304 47338256 68662294 96805104 51808471
2 76769739 64000541 34400893 66332538 78728877
2 87161269 33217998 68647742 72484472 35413694
1 6612790 70998288 61759173 96474356 1929900
0 20714123 79473425 65627146 98229174 34369558
0 84550411 35739541 53888576 29834886 29359874
1 82038617 44005211 99305366 39105296 49862893
0 89162992 34747434 63879402 70477464 55605750
0 57798630 76705865 83371210 64528001 4793791
2 69425776 67701503 39593840 63349160 13590657
0 17166966 54197507 98980510 74642688 58641028
1 28342690 52200763 1310303 54854809 45253769
0 26174772 61885742 29243093 16356257 93138340
0 80157500 82731826 27520335 93877924 18591558
1 68019957 68943592 35111442 69492371 61783738
1 24290669 27155231 95239416 21509403 23347572
2 49905532 40513320 98248177 42394166 27533079
0 29888666 50820524 28261950 25027308 9928310
2 35793027 61842847 86374879 82552805 32907809
1 98001146 16015394 93684457 63619535 43716901
1 65606825 11576175 17764243 38738298 27747891
0 11937307 75680035 82526268 82021632 76571307
1 50527906 91973930 42441444 34767677 64870249
0 13088038 88281137 89027758 16880686 31339177
0 82558259 8676106 24569325 1055959 75799637
0 35047870 2815162 87740976 24535982 7914361
1 97449925 91930347 80939334 32969106 91035662
2 92781634 12893497 45883045 68729763 85608044
0 44753831 46637584 87025271 67439983 51552745
2 80407765 67475549 67595184 59542436 91559919
2 34633885 42367656 91631521 12004399 78415141
0 40887608 66692789 31982320 27497231 3341115
2 55106605 83988522 1305988 94497409 85134963
1 70272922 55444100 9959378 52040780 91341855
1 13645326 59770922 9234232 90530412 61939297
2 84609215 6872471 31897211 86928987 79792297
0 90921578 77629030 23082784 16362275 95949557
1 18390145 2566555 93656998 24967225 19444953
0 242229 82970451 20610163 38155125 25697785
2 1350296 44180953 33587452 57986695 41868953
0 45094000 53782852 87900109 26261991 26756633
1 60761178 52212056 52193679 11034872 18620984
0 12082662 92387765 67609409 38932166 13395833
0 85455834 92426686 9960772 22188638 92579623
2 76360474 16455014 39729894 20128251 18004253
1 23880190 42364743 5355908 23226053 19055455
1 57972405 73903132 105098 65184784 15701296
1 1616163 40817434 29072479 22261037 69340126
1 93001690 43026853 80774132 31127835 2922738
2 97922251 20001276 83612509 68541218 36760925
1 63039948 37545019 22991480 21151134 7340702
2 21290425 3169277 25403893 30277345 29663175
1 29629277 66209876 55856105 32863098 78024940
1 4516994 63449166 32656394 7974367 3200844
0 22108414 41530380 59587288 57287075 22922251
2 70601237 99699853 18258986 54729481 85179336
1 71571455 63198205 78355227 5585960 29661258
1 89782995 62412284 12001622 97809263 96221861
0 14579749 91645303 99391042 76872699 66992340
2 31027947 78167888 60026981 82528559 79996318
1 73961140 68993094 96970858 49109072 73080731
0 61255319 40124891 17952916 74480207 70901114
0 86449146 8148937 22581928 11524750 64925217
1 68614632 1894823 31692543 9958054 95357504
0 6275416 41726626 39426535 45501646 30348512
0 80051459 55229292 23686541 50592542 5612691
2 32311726 66723193 22271986 14293631 12095328
2 27333399 46939013 87158907 68633213 9348883
2 86106065 7941739 77401584 8996165 59283147
2 810636 3341943 25219481 2682295 57557753
0 98818540 34181893 64828165 59261785 65445269
0 43597229 26002500 93185663 86189766 8220658
0 87245304 57666125 58019275 35670936 80715699
2 22577905 7530277 45666538 37126098 51948423
0 39559111 37239690 47891858 1714033 76352713
2 15089483 48729199 32271195 32290612 46890959
0 70401667 16318583 17679070 13428681 12967763
0 67975340 3656361 11024015 55905200 54791135
1 79563392 84760771 68830368 39643136 51472287
0 3277016 28575125 46266890 97692835 40804467
0 11155188 49770427 52590841 90873948 64724484
2 82520682 88261131 93767608 57794438 10093060
2 14748860 50449383 22786843 4186567 98202595
0 98344933 12969274 12386122 16610575 4324868
0 5202155 90868333 54394479 6872233 85122174
0 20372658 80689976 153525 87499113 67647385
240
0 129 205
0 162 129
0 98 205
1 96 205
1 136 162
0 185 205
0 152 205
1 188 98
0 102 205
0 193 136
0 124 162
0 32 129
0 219 32
0 71 96
0 150 152
0 91 188
1 108 188
0 94 152
0 17 188
0 175 205
0 47 150
0 64 185
0 66 152
1 65 94
0 7 150
0 204 193
1 76 188
0 138 188
0 99 102
1 77 71
0 81 17
1 192 81
0 155 91
0 56 66
0 39 204
0 25 91
0 3 76
0 151 99
0 101 66
0 61 138
0 68 25
0 172 151
0 167 25
0 24 77
1 160 56
0 97 101
0 19 25
0 179 25
0 180 56
0 198 192
0 33 155
0 21 155
0 183 39
0 197 25
0 15 180
0 120 179
0 196 24
0 194 160
0 44 179
0 83 196
0 38 196
0 46 21
0 103 83
0 84 196
1 95 46
0 213 180
0 200 180
0 170 198
0 23 83
1 70 46
1 149 103
0 163 70
1 148 103
0 206 70
1 186 194
0 211 163
0 189 23
0 100 213
0 42 84
0 191 70
1 52 170
0 72 100
0 53 103
0 67 95
0 215 170
0 132 23
0 207 163
0 144 163
1 146 100
0 45 215
0 181 149
1 93 186
0 147 206
1 153 100
0 80 45
0 116 147
0 114 93
0 49 52
0 4 207
0 88 49
0 16 4
0 90 53
0 127 215
1 20 16
0 202 93
1 85 20
1 55 127
1 178 147
0 221 114
1 157 55
0 10 90
0 13 4
0 105 88
0 177 90
0 58 13
0 0 49
0 60 127
0 218 20
0 34 178
0 50 85
0 141 10
0 115 127
0 156 218
0 134 13
1 28 13
0 176 115
0 118 60
1 48 105
0 1 13
0 210 10
0 6 58
1 187 118
0 119 187
0 165 187
0 128 119
0 27 115
0 166 60
1 5 134
0 43 48
0 137 28
0 73 43
0 106 156
1 217 134
0 214 118
0 212 214
0 69 165
0 111 137
0 79 137
0 184 5
1 51 166
0 87 51
0 216 187
0 135 79
0 168 135
0 158 217
1 117 184
0 92 214
0 35 117
0 182 92
0 107 214
0 11 51
1 126 69
1 31 35
0 2 158
0 62 69
1 133 216
1 203 168
1 18 133
0 201 51
0 174 92
0 8 182
0 159 168
0 82 18
0 37 18
0 113 11
1 9 11
1 63 35
1 41 133
0 104 41
0 59 31
0 26 62
0 14 9
0 145 62
0 89 82
0 122 26
0 110 145
0 142 145
0 86 110
0 164 41
0 29 104
0 30 59
0 169 164
1 154 110
0 36 89
1 112 41
0 140 122
0 78 169
0 75 110
0 220 110
0 22 89
0 54 220
0 143 89
1 195 30
0 131 154
0 130 78
1 208 140
0 139 220
0 121 36
0 109 22
0 12 169
0 161 112
0 125 75
0 57 140
1 74 125
0 190 161
0 173 12
0 171 131
0 209 190
0 199 190
0 40 139
0 123 195
0 78 13
1 209 179
1 113 217
1 85 215
1 70 32
0 154 181
0 5 129
0 58 95
0 36 101
0 63 214
0 126 181
0 107 35
1 104 160
0 80 163
0 53 198
1 49 68
0 58 15
0 16 180
0 59 87
21
220 202 190 179 162 157 155 148 137 123 111 98 86 71 69 61 51 32 15 7 2
