271
48 88 88 1 53 88 48 53 47 25 4 47 88 15 1 47 53 1 53 88 15 1 65 15 65 88 15 53 15 48 15 88 88 88 88 25 88 88 48 53 88 4 48 53 88 4 4 88 1 88 88 4 53 48 15 52 60 88 88 88 88 48 48 4 15 88 25 88 15 76 88 88 4 48 48 48 48 73 4 1 88 88 15 4 88 15 4 4 25 88 15 25 76 53 6 1 88 53 25 4 88 47 25 25 88 88 48 4 83 15 53 1 4 15 88 88 71 4 
48 71 1 88 25 46 88 88 88 11 88 4 4 88 88 15 88 88 15 1 88 48 25 88 71 53 25 15 15 88 15 88 71 25 15 88 88 88 25 88 48 15 88 1 88 88 4 25 47 15 88 83 15 25 88 15 15 
88 88 88 25 4 88 51 88 71 47 1 88 73 48 48 76 4 88 88 4 51 4 88 15 48 47 88 60 88 15 48 60 88 88 46 4 76 4 4 47 1 88 88 4 88 88 88 1 88 25 48 51 71 88 88 48 1 52 4 76 76 88 25 71 83 4 15 39 88 88 47 25 25 60 25 73 63 15 88 88 88 1 15 25 88 1 88 66 48 88 6 11 4 25 88 25
10
4 3 8 10 11
3 3 9 11
3 3 3 11
2 0 7
3 3 9 11
5 0 6 9 9 9
2 1 6
2 1 0
5 1 9 9 9 9
5 1 1 3 9 9